%YAML:1.0
---
K: !!opencv-matrix
   rows: 3
   cols: 3
   dt: d
   data: [ 2.3506470084912889e+03, 0., 1.2567173131701375e+03, 0.,
       2.3535790123940910e+03, 1.0378286963157896e+03, 0., 0., 1. ]
D: !!opencv-matrix
   rows: 1
   cols: 5
   dt: d
   data: [ -1.4144528972901041e-01, 1.2560417677959848e-01,
       -9.5059748036828244e-04, 2.2887637041204140e-03,
       -7.4171390322249259e-02 ]
