%YAML:1.0
---
K1: !!opencv-matrix
   rows: 3
   cols: 3
   dt: d
   data: [ 2.3506470084912889e+03, 0., 1.2567173131701375e+03, 0.,
       2.3535790123940910e+03, 1.0378286963157896e+03, 0., 0., 1. ]
D1: !!opencv-matrix
   rows: 1
   cols: 5
   dt: d
   data: [ -1.4144528972901041e-01, 1.2560417677959848e-01,
       -9.5059748036828244e-04, 2.2887637041204140e-03,
       -7.4171390322249259e-02 ]
K2: !!opencv-matrix
   rows: 3
   cols: 3
   dt: d
   data: [ 2.3759937993112740e+03, 0., 1.2946571022210414e+03, 0.,
       2.3713055104784808e+03, 1.0288544717142938e+03, 0., 0., 1. ]
D2: !!opencv-matrix
   rows: 1
   cols: 5
   dt: d
   data: [ -1.4008836698418781e-01, 6.1460104602543066e-02,
       -1.6478186754064739e-04, 4.2206780468832961e-03,
       3.4704689910624878e-02 ]
R: !!opencv-matrix
   rows: 3
   cols: 3
   dt: d
   data: [ 9.6511385268151406e-01, 3.4672214579063325e-02,
       2.5952473658290837e-01, -3.1823281432322777e-02,
       9.9937834776820378e-01, -1.5172236848081305e-02,
       -2.5988945750284637e-01, 6.3840072273208441e-03,
       9.6561727114348861e-01 ]
T: !!opencv-matrix
   rows: 3
   cols: 1
   dt: d
   data: [ -4.0138884141431076e+03, 9.8668473366194746e+01,
       7.3259372098091285e+02 ]
E: !!opencv-matrix
   rows: 3
   cols: 3
   dt: d
   data: [ -2.3293598574462600e+00, -7.3150840221218675e+02,
       1.0639106744789855e+02, -3.3613093392243775e+02,
       5.1025339338673660e+01, 4.0660061695991967e+03,
       3.2508790172564304e+01, -4.0148142259330157e+03,
       3.5292756141749294e+01 ]
F: !!opencv-matrix
   rows: 3
   cols: 3
   dt: d
   data: [ 1.4975963159159781e-09, 4.6971683871012534e-07,
       -6.5015460563818902e-04, 2.1653317837562264e-07,
       -3.2829215478560435e-08, -6.3950820063945948e-03,
       -2.7437972483132311e-04, 5.5509571161829162e-03, 1. ]
R1: !!opencv-matrix
   rows: 3
   cols: 3
   dt: d
   data: [ 9.9657089737403037e-01, 8.7926900299619207e-03,
       8.2274753777551363e-02, -8.3539290733889993e-03,
       9.9994899838847007e-01, -5.6756048957249975e-03,
       -8.2320461467101091e-02, 4.9688252064848991e-03,
       9.9659352416113500e-01 ]
R2: !!opencv-matrix
   rows: 3
   cols: 3
   dt: d
   data: [ 9.8346157407191315e-01, -2.4175224150745408e-02,
       -1.7949621405828037e-01, 2.5134993701686096e-02,
       9.9967933891964178e-01, 3.0743176160659496e-03,
       1.7936433429088125e-01, -7.5351094517246021e-03,
       9.8375386032784617e-01 ]
P1: !!opencv-matrix
   rows: 3
   cols: 4
   dt: d
   data: [ .Nan, 0., .Nan, 0., 0., .Nan, .Nan, 0., 0., 0., 1., 0. ]
P2: !!opencv-matrix
   rows: 3
   cols: 4
   dt: d
   data: [ .Nan, 0., .Nan, .Nan, 0., .Nan, .Nan, 0., 0., 0., 1., 0. ]
Q: !!opencv-matrix
   rows: 4
   cols: 4
   dt: d
   data: [ 1., 0., 0., .Nan, 0., 1., 0., .Nan, 0., 0., 0., .Nan, 0., 0.,
       2.4501467719098623e-04, .Nan ]
