%YAML:1.0
---
K: !!opencv-matrix
   rows: 3
   cols: 3
   dt: d
   data: [ 2.3759937993112740e+03, 0., 1.2946571022210414e+03, 0.,
       2.3713055104784808e+03, 1.0288544717142938e+03, 0., 0., 1. ]
D: !!opencv-matrix
   rows: 1
   cols: 5
   dt: d
   data: [ -1.4008836698418781e-01, 6.1460104602543066e-02,
       -1.6478186754064739e-04, 4.2206780468832961e-03,
       3.4704689910624878e-02 ]
